   33.2380
   15.1465
   13.7130
   20.4536
   43.7495
   27.8143
   18.5723
   24.5662
    0.2500
   24.5982
   39.0349
   11.2240
   59.3065
   26.1688
   16.9510
    8.7019
   15.6771
   12.5600
   15.8005
   12.2134
   24.5839
   19.0970
   29.4841
   28.2744
   32.5716
   33.3327
   24.2598
   48.6197
   25.6264
   17.9027
   33.7094
   76.2823
   23.6350
   33.9619
   26.2628
   42.3262
   20.4175
   42.1043
   40.4293
   51.8231
   36.6554
   19.9950
   21.0701
   12.9927
   10.6970
   14.7635
   12.7416
   10.9542
   11.4894
   13.9725
   21.2717
   26.0234
   19.3858
   57.2047
   16.4003
   31.3492
   18.6902
    7.4782
   69.7238
   18.3642
   18.0602
   21.0876
    0.6244
   23.9213
   24.7557
   19.6785
   20.0256
   18.7388
   57.9035
   19.5377