    0.0085
    0.0081
    0.0078
    0.0082
    0.0082
    0.0085
    0.0082
    0.0083
    0.0060
    0.0083
    0.0088
    0.0081
    0.0091
    0.0083
    0.0081
    0.0078
    0.0082
    0.0080
    0.0081
    0.0081
    0.0084
    0.0081
    0.0085
    0.0082
    0.0086
    0.0088
    0.0084
    0.0088
    0.0085
    0.0084
    0.0085
    0.0089
    0.0083
    0.0088
    0.0086
    0.0088
    0.0084
    0.0088
    0.0088
    0.0089
    0.0090
    0.0083
    0.0085
    0.0081
    0.0081
    0.0083
    0.0081
    0.0080
    0.0082
    0.0081
    0.0084
    0.0084
    0.0085
    0.0088
    0.0081
    0.0085
    0.0085
    0.0078
    0.0092
    0.0081
    0.0083
    0.0084
    0.0069
    0.0084
    0.0085
    0.0083
    0.0083
    0.0084
    0.0093
    0.0083