22    
15    
14    
17    
16    
21    
16    
20     
2    
19   
24    
16    
28    
18    
15    
13    
16    
14    
15    
14    
20    
16    
21    
17    
22    
24    
20    
25    
21    
20    
23    
26    
19    
25    
22    
26    
19    
26
24    
27    
27    
19    
20    
16    
15    
17    
16    
15    
16    
14    
20    
20    
20    
24    
16    
22    
21
11    
29   
17    
19    
20     
4    
19    
21    
18    
18    
20    
30    
20