    0.0161
    0.0108
    0.0090
    0.0122
    0.0102
    0.0156
    0.0116
    0.0149
    0.0014
    0.0132
    0.0173
    0.0129
    0.0202
    0.0125
    0.0106
    0.0092
    0.0114
    0.0102
    0.0108
    0.0108
    0.0151
    0.0110
    0.0151
    0.0108
    0.0163
    0.0183
    0.0147
    0.0191
    0.0159
    0.0162
    0.0169
    0.0193
    0.0138
    0.0196
    0.0171
    0.0191
    0.0146
    0.0194
    0.0175
    0.0194
    0.0211
    0.0152
    0.0156
    0.0123
    0.0116
    0.0131
    0.0124
    0.0115
    0.0131
    0.0103
    0.0157
    0.0145
    0.0162
    0.0160
    0.0121
    0.0156
    0.0178
    0.0079
    0.0209
    0.0123
    0.0149
    0.0155
    0.0033
    0.0144
    0.0158
    0.0133
    0.0131
    0.0163
    0.0221
    0.0157